10001100000000010000000000000000
10001100001000100000000000000000
10001100001000100000000000000000
10001100000000110000000000000010
10001100001001000000000000001111
00000000001000110010100000100000
00000000011001000011000000100010
00000000101001100011100000100100
10001100000010010000000000001001
10001100000010100000000000001010
00000001001010100100000000100101
00100001010010110000000100000000
10001100000011000000000000001100
00110001100011010000000011111111
10001100000100000000000000010000
00110110000011110000000100000000
10101101110011110000000000000111
00000000000001101010000100000000
00000000000010101011000100000010
00000000001000111100000000101010
00000001111100001100100000101010
00010010100101100000000000000001
00000001111100001001000000101010
00001000000000000000000000011000
00100001011010110000000000000010
00001100000000000000000000011010
00010000101001100000000000000010
00000011111000000000000000001000
00100001011010110000000000000010
00100001011010110000000000000010